1010010000000000000000000000000
0101001000000000000000000000000
0010100100000000000000000000000
1011000010000000000000000000000
0101100001000000000000000000000
1000100000100000000000000000000
1110000000010000000000000000000
0111000000001000000000000000000
0011100000000100000000000000000
1011100000000010000000000000000
1111100000000001000000000000000
1101100000000000100000000000000
1100100000000000010000000000000
1100000000000000001000000000000
0110000000000000000100000000000
0011000000000000000010000000000
0001100000000000000001000000000
1010100000000000000000100000000
1111000000000000000000010000000
0111100000000000000000001000000
1001100000000000000000000100000
1110100000000000000000000010000
1101000000000000000000000001000
0110100000000000000000000000100
1001000000000000000000000000010
0100100000000000000000000000001
