10010110011111000110111010
01001011001111100011011101
10110011111000110111010100
01011001111100011011101010
00101100111110001101110101
10000000000000000000000000
01000000000000000000000000
00100000000000000000000000
00010000000000000000000000
00001000000000000000000000
00000100000000000000000000
00000010000000000000000000
00000001000000000000000000
00000000100000000000000000
00000000010000000000000000
00000000001000000000000000
00000000000100000000000000
00000000000010000000000000
00000000000001000000000000
00000000000000100000000000
00000000000000010000000000
00000000000000001000000000
00000000000000000100000000
00000000000000000010000000
00000000000000000001000000
00000000000000000000100000
00000000000000000000010000
00000000000000000000001000
00000000000000000000000100
00000000000000000000000010
00000000000000000000000001
